119
120
216
303
305
446
476
492
496
504
506
509
517
521
538
554
560
564
567
572
575
577
590
623
644
698
753
762
767
768
769
771
773
774
806
901
913
938
947
956
959
971
976
981
984
991
993
1006
1016
1034
1042
1045
1057
1058
1071
1127
1128
1129
1136
1138
1160
1163
1170
1171
1172
1176
1180
1181
1182
1211
1224
1225
1231
1252
1253
1257
1265
1281
1282
1284
1288
1290
1291
1292
1293
1332
1346
1353
1354
1358
1359
1364
1365
1386
1390
1401
1408
1414
1418
1426
1427
1435
1436
1437
1445
1451
1463
1465
1471
1472
1473
1488
1503
1505
1507
1512
1516
1517
1518
1545
1555
1561
1579
1587
1612
1614
1636
1652
1658
1665
1671
1694
1704
1717
1720
1725
1730
1732
1733
1734
1741
1746
1770
1781
1783
1811
1827
1861
1862
1889
1896
1897
1901
1903
1924
1928
1929
1936
1938
1939
1940
1941
1945
1976
1984
1987
1999
2037
2040
2066
2068
2071
